102014
101764
101699
103413
100016
109006
105992
110058
106672
109983
100855
101399
101259
105172
101895
106500
104995
109723
104026
100102
103133
107404
107737
102122
104766
101390
101243
104031
106603
106679
106991
109452
107042
108818
101949
104816
106985
101889
106898
109986
101558
103729
103655
105562
107764
107712
104246
108509
100056
104527
107930
108626
109187
104486
104674
104082
104146
105098
103770
107125
100013
108139
107989
107502
105042
102633
108035
104738
101230
104801
106966
108856
106944
105748
105160
100294
107642
109222
105575
101877
103403
103364
107349
109257
109404
103528
105974
106772
104298
101279
102437
106691
100183
104765
110129
104063
108204
101832
101046
105724
103420
103158
110115
108232
101953
109545
106724
104773
104759
103239
104631
107325
104828
106168
107009
106094
100931
101321
106695
109088
106684
103696
108983
108534
103582
103588
101453
101387
110010
100660
105449
109711
106174
108499
107638
109581
106242
106287
105670
106386
107748
104296
110182
106532
104551
104236
109016
100990
106989
101445
100723
101137
109312
101008
100886
103628
104016
106214
103014
110308
104085
104459
101540
108492
109791
102663
102895
107494
101275
101337
102977
103562
104145
101646
102408
108393
109706
102169
109370
102387
106851
108648
105680
109787
108060
106967
109806
102398
109600
103409
108579
108930
100339
102540
101429
105967
103396
103091
105799
109827
102846
107299
108072
103645
109436
104672
103094
108576
100204
109294
103561
109454
107706
101785
109058
105205
100100
101207
102263
108887
102104
100408
109128
100834
100337
102456
108756
110336
104381
105179
106968
105881
109430
107785
101951
106750
101040
101978
104717
105322
100980
104561
104579
105818
101454
107529
108278
103570
102619
110218
102668
106716
102037
106635
103469
109982
106091
110062
104345
104655
106825
105469
106883
108200
108542
109260
104951
107376
102734
101371
108358
103102
106727
106872
105330
102311
107711
106409
106303
100207
107415
100911
105478
101739
109431
100241
109497
100699
107931
106611
101517
107606
103798
105879
104116
108024
103451
109114
103121
109876
102678
106178
102985
110339
104059
108128
106508
105110
109660
104658
107174
110354
103106
107191
100849
107705
108391
100577
108155
109232
106125
103023
101270
107008
106799
106106
105901
100569
103227
101206
100057
102255
102820
109577
105928
106715
105104
104422
109527
105697
107586
106199
100307
100557
107371
109086
103609
107242
106558
109924
107308
105599
104424
101726
103373
106219
106211
100535
109147
100514
107770
109653
108080
100435
106389
104289
100357
107169
103442
105423
106768
107079
105769
108702
101156
100134
105058
105615
107272
104785
101227
101733
103766
107793
100098
101769
100440
108158
102273
107964
109264
106657
105292
106764
100374
106878
105115
109629
104867
101349
104359
104039
106884
101242
104914
110303
108007
108649
107087
107951
103356
100371
102836
110365
104224
107217
104611
101421
107285
104072
100464
107399
108895
102886
109101
106681
104901
107862
108389
110199
104194
110220
105475
107032
103067
109417
106788
107869
110084
107001
105275
103300
109571
104229
101867
110096
108835
100949
101449
108965
102040
108734
108040
107255
103497
101585
110053
106116
103108
100261
108510
102748
100223
109555
106516
109345
106970
108330
109872
104120
102392
103594
102907
103950
106897
102416
106200
108103
103602
106325
101778
102502
101330
103985
109278
100011
104220
104890
107801
100772
107860
103160
101662
102507
105738
101325
109305
108799
100461
105573
107640
106749
103777
105661
104652
106470
104928
102050
100287
103948
104244
107575
107204
104094
106876
103085
100687
106879
102417
101357
100829
103942
105847
101442
101813
103863
107914
107672
105760
101482
104769
105276
107943
101036
100853
106337
106986
108798
107534
103223
108407
108663
101364
108261
103202
101763
100689
109371
106704
108283
108027
104830
100639
102982
109721
108445
107962
101301
102860
100661
107553
100140
101911
100786
105518
105197
106196
105072
108680
106418
100021
110375
101640
106918
105094
101750
106818
106803
106579
103888
108560
105430
100342
110104
109228
100659
105135
102401
107111
109692
104562
105080
103166
109731
102638
107082
101826
103416
100317
106843
101576
101514
100968
106504
101358
102989
100311
105793
105747
109501
100846
104498
109169
102821
106247
100743
106445
105930
102073
102539
109069
106435
105005
108423
107148
108598
103259
108917
101986
103943
104200
104488
107269
103039
107253
102684
107607
108417
107820
109908
105740
102024
101784
109384
104208
102426
101899
108659
100331
102583
106689
105654
103824
107239
104922
100270
102324
104491
109892
101106
102449
103790
101379
105493
107086
109073
105188
101815
100488
103788
110273
101842
105372
110297
108042
103315
100677
109598
110321
106980
100941
101431
101632
102269
102492
106355
102042
109200
102790
106913
108328
106288
107746
107387
106719
104746
108357
100328
102788
100769
110049
106699
102214
100712
100468
104555
103983
101039
107383
105973
108228
105189
106251
101087
101359
106594
100179
105269
104565
105718
109936
109557
103511
107268
108138
109011
104737
107839
104645
107885
105282
109181
107811
103795
100457
100471
103114
102757
108694
106215
105804
107073
101084
109538
104798
101170
104297
106258
106277
109122
109573
100876
107568
104936
100827
106438
107136
102991
104118
110381
109626
102720
108666
106257
109737
100830
108776
106139
102655
100091
101060
100614
100607
103237
109356
104354
109662
102747
106707
104376
101865
100458
107542
102974
102294
107449
110403
108495
107721
108245
103929
104266
103534
109609
107049
103220
107605
105563
101382
103537
109406
101847
108928
103538
107694
103423
101037
106842
101086
101363
104133
107015
105934
109071
106723
103252
100885
107769
104663
109587
108310
100389
107911
102901
103573
108794
103646
110228
101759
106433
105238
108925
105112
103281
107980
102585
109895
107112
108836
100757
108314
107355
110328
103089
102993
105314
105227
105883
101571
106839
109389
106060
104716
102730
106301
106773
108031
106605
106132
102523
103988
102849
107957
104384
108197
109425
104949
103073
102878
110263
109590
104219
104111
101389
107089
109617
107686
105808
106902
108990
107884
110358
106574
100717
110140
104305
103170
104843
100790
100905
104258
103147
107468
103949
108755
100811
102894
100763
106519
108602
104179
100682
102774
104307
106875
104521
106891
105702
103517
101477
104495
109163
109447
107465
104234
101507
101091
109279
102333
109385
106101
103972
103841
107754
104287
102027
107625
101328
101369
109531
105752
105124
104333
108551
109379
104763
108149
100336
103351
105797
104861
104641
108052
108940
107857
106026
101460
102664
107428
107782
100910
104683
105756
100999
102845
104869
100333
108513
104895
102632
105910
103872
100032
101532
102509
109832
106778
100113
105016
108273
105471
102883
107940
102995
106823
102879
105463
104871
105608
109110
108141
105117
109167
107641
102717
107034
100129
105731
108106
104711
108922
108303
107277
102531
102971
105437
109350
102035
104124
104279
100238
108165
106042
107888
100014
105223
100247
104710
109012
101459
108182
100060
105311
105231
100163
106359
109853
105982
101843
107357
101251
110324
108547
101437
107588
109918
107408
102636
102612
103713
110245
102770
104492
104970
108933
103905
107967
108651
102484
108971
108786
108643
103124
106426
108194
105129
105617
110108
110384
102019
105077
106650
106461
104048
101439
102778
101495
105785
110114
103502
103644
108453
105472
105206
103493
106407
106430
106734
102158
101261
108489
103654
105892
100713
106129
104360
104027
106159
104917
104406
106669
110332
106454
107258
104367
110052
100024
105514
