104321
100545
107749
105776
105584
100889
102545
102893
107956
102947
104415
108477
102996
107038
103728
107328
107570
109679
103617
100394
105772
109396
104726
103275
105309
108603
109008
106777
104872
109893
103030
102325
104988
108674
108076
105564
105745
102771
107554
107666
108342
107742
104442
106529
101884
104020
108907
103138
101611
105265
106095
105025
103308
108022
104032
106805
100964
103671
107912
103755
104015
105707
106096
107982
107226
101786
104135
104885
105069
104621
104926
107549
100552
104809
101320
109563
110363
100593
105850
101709
105323
107006
106911
107736
101600
102442
110061
109703
101316
105152
102365
101012
109962
109858
109138
109623
109106
107925
108960
100178
107634
106492
103674
102043
104312
104622
108089
103060
105340
103692
102957
108329
105603
100145
107734
102088
107113
100701
109794
110178
101023
103273
108304
109594
102954
102462
104590
104808
102429
109186
102861
104372
103326
100105
107630
100837
105457
101479
104070
100385
100978
107382
100409
107278
102137
102671
100150
100923
103843
103600
108321
100580
109040
102984
109824
103519
101931
104487
100749
109341
105174
109925
109476
101422
109496
100327
105378
106423
100734
102609
103793
102822
108019
108944
105386
102290
108793
104096
102295
100764
102608
108347
102399
103563
104530
100212
101574
106827
102022
103399
105221
105635
109233
100084
100951
103821
103768
109754
106455
101619
109906
105219
102396
106054
108656
103845
105454
102865
106586
105580
100200
107409
100494
103217
103981
101959
104724
102428
103431
102911
109268
106019
105201
110173
109234
108577
100235
109474
105224
104998
100485
100960
109979
100299
110112
102056
102087
107984
105027
100869
101806
100284
109191
104385
108864
101122
107341
103325
104461
106131
105591
100279
109091
101631
103322
107892
106055
104405
104797
102159
107051
107305
106496
107644
101651
101047
110226
108246
100553
101738
107825
105403
105828
107828
107334
100550
104068
100300
107179
103675
105424
109788
101388
110366
104005
105589
109916
108253
107084
104389
101874
103805
106123
101730
101151
104419
109849
107200
104402
103928
106378
105815
109045
105588
108249
109887
104391
108486
106459
109973
107224
108466
109065
103791
107841
102802
105256
103307
108946
104232
101915
100042
101461
104620
109814
104510
102175
108482
100755
105684
108370
106974
106104
100264
103634
109261
107150
106379
101816
103079
105302
105230
101684
104563
107479
100676
104582
104881
104181
105894
109678
104567
106225
110217
104479
100081
105297
105364
103874
109391
103054
110194
108071
109566
107219
102336
110260
104447
107350
108241
103494
101001
110210
104787
107674
104444
109210
106848
108861
101104
