102012
110113
100452
108741
109057
103523
104688
101794
106113
105070
104664
105093
105017
103881
101650
106824
103454
106066
101588
107786
105366
104836
107231
106648
106895
105651
108446
102953
102629
108916
108074
105107
107452
109720
105489
107580
109349
109945
109561
103665
107074
101627
103219
109034
107024
106331
101992
105049
106592
106836
100746
102796
101434
109280
103474
104189
107110
106733
103913
107890
107025
108908
108686
105371
107106
101740
104938
107559
104478
101665
109318
101196
101239
105440
100833
106687
109978
105036
110065
103092
103408
110282
104540
102383
101955
104991
106164
102603
110224
103503
101468
106216
109126
107526
108860
105345
103969
100206
107232
107722
102912
100957
104141
108463
110374
105678
105404
108152
106975
106815
104794
105556
105612
110291
107117
105074
100979
109798
101803
108863
100654
100822
107991
107437
102145
108740
104718
108248
108368
102225
107431
107993
106721
104239
100020
109427
106313
105642
105015
109111
103412
100356
109958
104217
109764
100117
103066
106279
103957
106468
104008
102547
101952
104206
101222
103717
103253
100700
110150
105594
104698
105819
109334
103329
106062
110302
106488
109174
106124
105713
109343
107366
109575
106411
101883
109867
100672
104608
108710
100026
102792
102319
110405
107929
104292
105699
104646
109683
109718
106955
107095
101329
101248
102413
109093
105628
108996
108764
109215
102230
108468
102819
101344
104363
105113
103268
107826
108829
108504
110345
105138
106930
100027
104868
104573
101158
105988
103001
102086
104902
104383
109272
101480
101942
106346
104740
104399
101262
106793
100803
103078
101757
101423
101845
106753
106122
101752
108610
106334
102054
105079
108945
104485
108800
109899
103200
105504
106942
103362
107127
101493
102132
109548
109857
101064
101758
103398
109072
102499
100942
107679
100798
109119
104920
109424
106553
109526
104278
100584
105536
106293
103732
105527
107735
104057
102891
101770
104844
110005
101287
108108
110033
106924
104948
101276
100882
108952
103802
105240
102722
104228
100146
105298
100779
103852
106756
109097
102356
105041
108646
101326
107784
109409
107639
102388
102800
102207
105349
106642
107070
107876
100579
108276
109680
105389
102844
103524
107610
103737
108937
104327
101536
107011
107185
104325
100551
102795
105086
102549
107016
100924
100587
101736
106829
110269
109135
103405
100483
106179
103820
106935
107512
109027
101443
104721
104188
108324
108660
109933
100474
101201
102439
105044
104387
100631
108082
106432
101500
109559
103864
106855
101138
109239
105481
103429
106762
104113
107198
102210
108079
101941
107499
109338
104707
103684
102513
107579
106771
105082
106919
100570
109574
106207
103773
105685
110268
108819
103263
100490
103789
108874
104847
103007
107771
108624
101126
103288
110040
105956
102908
106666
106241
100913
101133
108367
102254
108899
103681
103836
106246
101056
104076
105229
103184
108461
102759
103608
102834
105513
101021
101375
104742
104299
103047
101409
101191
108540
105681
106731
101549
101451
102673
105568
102360
110174
108020
107566
102141
109449
105719
105784
110026
102076
102590
104046
109739
107058
105820
110069
101622
101578
102631
107063
108037
108934
105530
103266
100221
107302
101582
108148
107751
102587
106995
106155
107555
106873
102318
103463
108460
101136
108176
108901
107540
103963
103720
100893
108345
109099
102134
102579
104866
109414
109938
103427
102574
107298
108238
101840
103090
106121
109921
105010
104230
101552
108259
104049
109217
110238
103347
106623
105158
107976
107463
107206
107077
107939
108153
100029
105048
109062
101113
102905
108644
109361
101944
102418
106310
105759
104311
107187
106052
105931
105502
108001
103257
106376
106882
109697
106209
110207
102914
108637
105287
108227
100807
107809
109172
107759
108736
101963
107850
109133
108735
108720
110285
107044
103581
106222
107417
104523
105232
100239
102520
109745
103574
100617
109784
102057
101302
107827
105656
100305
102280
108826
103186
110188
103444
109274
102023
105047
101539
101863
106786
108754
103434
101909
100872
109198
101352
102454
101771
104607
100444
104276
107071
109885
106573
106038
109439
107747
102750
110111
100966
108454
100164
102309
100048
107311
109512
101844
100108
107360
102351
102021
100008
102155
103649
110168
100136
108633
105251
105734
109242
104091
109777
104330
103624
104754
103761
102343
100450
100715
100665
102328
106010
110215
101296
108009
104777
104420
108084
102162
103063
105483
108133
105062
102003
108379
100224
107548
105640
104941
108307
102872
104892
100865
103771
105332
102093
108962
103709
107105
106007
104878
108400
103145
103201
108592
107129
102944
109528
100578
100015
103559
109221
107755
106105
109007
101527
109652
108327
109700
105165
110103
104782
104908
102575
103208
107209
105052
103465
103697
108524
100684
102870
104470
101200
106369
109504
103544
105625
109920
102131
103198
101324
104122
109184
106588
107052
109491
110018
102216
108126
109303
102016
100115
106256
106458
101694
104009
109105
109399
107629
105597
101937
108681
100558
109152
103899
105891
109758
101901
107788
106126
106555
107047
108870
104515
108104
102660
105261
107271
101184
101408
105071
106901
102229
108496
100326
101168
105482
104186
108632
103873
101297
103999
110070
104042
102329
103026
103691
102184
102727
103377
102736
101870
105946
103407
107516
103488
109207
108404
100529
106075
104744
102170
107124
102716
109550
105686
110072
109205
107160
106173
106804
108900
104071
101719
101970
101066
103591
106864
102306
101891
110158
105644
101128
107023
101678
104088
101157
107018
109458
101881
105271
104956
106437
109010
107635
109767
107973
106201
105121
100205
106633
108559
107514
110331
107707
100293
109489
104334
100748
103613
110087
102406
103647
110274
107789
102490
103196
103885
103727
100036
100366
103195
107261
107864
108695
102142
105091
102742
103141
107496
108063
102097
109624
103832
106082
101236
103553
107541
105789
102100
104764
106190
100181
103705
104196
100030
107835
102945
109898
107744
101940
110127
109522
109310
109367
106110
109245
102830
107752
107920
109309
108302
100996
105235
107455
100594
106243
104615
109125
103753
107363
100353
109954
109830
106368
105572
101162
108146
100047
109290
101725
109656
100688
108397
101890
102876
101378
106365
105773
102536
106226
106712
100705
110311
107435
108757
101117
100423
108537
100425
103597
109543
106434
107484
105824
101912
104317
101419
104628
108584
109517
106002
105554
110369
101641
103866
101124
108711
108675
105476
108069
103699
101032
105260
106886
105874
104235
100196
109180
108054
105961
103072
105947
107623
104263
100395
105980
102654
109282
108033
107504
103180
103027
108859
101743
109500
104150
100166
109611
108036
100568
110256
100670
103299
106946
102371
103546
101494
104408
106668
109540
101547
106990
106647
103541
104517
101851
107365
108326
109329
106720
109592
105088
105884
107837
106994
101179
104131
105066
100947
108905
107338
109998
104339
107186
101792
108886
103712
104472
101266
104898
108972
108270
104105
110232
106284
105159
102001
106481
104437
107081
107550
106191
105128
109735
100259
105198
106577
110296
103422
107155
103708
109395
108517
104425
104673
102569
109255
100624
107886
101487
110134
107141
105435
109928
107400
104616
101926
103607
102363
106597
105111
107621
106598
104007
103057
101403
108752
101687
107868
101068
107100
107561
104609
108760
108336
109655
110361
108164
109241
103730
103215
104445
106565
103330
107336
100862
100477
108811
106937
107146
104147
103738
104251
109946
102239
103245
101528
104999
109146
109203
106702
100114
103183
109015
107483
101720
104112
100386
105428
109904
108047
103349
102606
101188
110301
105754
110233
109535
101714
101810
109120
105195
102404
110000
104957
106736
107718
102460
103927
108088
108048
102121
102376
104548
102997
100033
107210
108781
110214
109748
103003
108209
109238
105218
105767
104514
102163
110036
107427
110397
104283
108986
107569
108618
101724
104023
103979
108613
104502
102735
101271
110262
104659
100087
106797
106184
104036
108600
108271
105996
107656
104473
100874
106783
107903
102000
100209
100214
101618
102556
109860
107763
108597
107351
102368
105955
110097
108203
110333
110035
105981
103287
100752
100222
102339
108250
100641
106154
107879
108578
109029
105002
102710
100407
105895
104205
110123
104404
102221
101298
105941
101990
106729
102794
108123
109988
107436
108094
105998
107448
108038
109351
106838
108915
103512
100309
108193
105549
108067
107670
100321
105743
109645
100644
104417
100107
100782
110364
100063
103779
103197
106070
108092
104994
103472
107266
109841
109862
108904
101864
107367
101657
100055
107473
102047
107447
101165
110093
100921
110031
103437
102026
108505
109878
107144
103363
105525
104916
102702
105547
110222
104080
101546
108815
108784
104845
109927
104731
105304
106511
100073
105978
101053
108121
100249
107061
102028
106925
109381
101868
103475
100589
107660
107756
102987
104804
104536
108733
107048
109357
103441
105026
105120
105022
101783
100766
107012
100106
103689
102737
107312
109032
105667
100346
106145
109900
102154
100124
108377
110355
104412
108162
101463
102414
109606
101787
100963
107348
110272
100271
100847
100097
105983
105210
105887
103547
102926
104328
100859
102094
105085
103657
106929
104210
105720
102307
101560
107833
102312
100675
106757
108262
103575
100613
100698
108988
109825
104209
108590
109129
102277
104660
104259
108822
106790
108093
107180
104743
108961
107101
103388
107657
100116
108622
101737
108210
108424
105187
101089
106971
110209
103833
107158
108296
100668
102666
104455
107936
108723
105139
107083
102112
108787
109783
106228
103851
108896
109438
109145
107419
106541
103698
103428
105453
106664
104174
109495
103580
104974
100559
107329
102595
104308
102916
105768
101334
104903
110107
101866
109542
104904
102529
108344
110290
102029
104355
108254
102039
100845
100434
106822
105972
101148
102201
105645
103783
109300
106100
102234
108608
105997
108017
105359
105598
100667
110396
107946
100089
101415
104649
101819
101065
107560
105574
101568
108511
109766
104275
105543
102149
104831
108112
108412
108621
102623
109808
