105459
105081
100416
104326
101829
107426
101613
107603
105814
109003
103982
106950
108416
107273
109471
105795
109377
103848
102729
101293
102522
104851
109197
110136
108837
102345
108285
107910
106737
104337
110347
105633
105448
105545
105548
103346
110187
110286
109288
108366
110275
106722
108620
101591
101563
105055
110246
104805
110171
102083
105343
110294
107581
103834
102370
109839
100053
102292
106192
100360
104467
100149
107778
100708
101167
106187
109792
103082
104379
100392
108459
101656
104346
104083
104019
102247
105154
109330
103264
108732
109615
102147
106043
106093
108605
100912
106663
100530
108444
110131
109327
104449
105500
109842
102725
105652
106114
109805
104687
106374
107418
106186
108205
107420
101107
108362
106163
102150
105442
104789
104644
108676
100315
108670
103265
109063
106859
107280
104294
107059
106018
106688
108359
101701
102444
102440
106294
106217
108875
108073
102693
105433
107029
104806
103101
100426
107622
102422
102377
107726
108774
103302
107066
104889
107652
103191
109386
103112
104089
109463
100273
105445
107685
100835
102564
103053
107441
100274
107573
105130
106659
109050
107026
103137
101634
100506
110335
104680
103061
109815
109974
108134
106997
107283
106274
107933
105192
104313
101109
109316
109953
109880
102381
103113
100192
104767
108657
107122
108981
101081
100419
108999
100808
105328
102315
100943
102510
102025
104166
107536
110130
104152
100988
102006
110372
104963
105119
105700
105904
105380
109869
103849
104480
103757
107867
108701
100525
107615
107482
104295
103015
100406
101998
101782
106308
107697
103303
106290
103890
100131
105315
102107
102852
109536
108160
105341
108737
108434
108562
101412
106401
109005
109151
101092
107290
105394
106602
102526
109266
102622
104284
103887
100112
108642
100195
106025
101980
101306
106628
108902
109604
105770
101562
100920
100481
105492
101936
108535
109190
109675
107175
109850
104595
110313
100319
102281
105317
104481
108841
101462
103539
104265
107460
103510
108264
101612
105825
110064
108973
101807
108198
103244
103567
106051
108614
109175
106572
100628
106700
110338
104028
109811
100539
100186
100467
103701
101779
109625
100663
110126
104990
105141
109650
100272
100729
101856
106213
102733
100253
104291
101711
107613
109043
100794
107725
108726
102304
109393
100928
108280
100781
107703
102653
108388
105587
108693
102873
110142
103904
101197
104992
104792
106999
109622
101775
100603
103922
109355
109403
107263
107813
102072
103803
102576
105199
101753
100732
109176
110255
105050
101716
101018
101233
104629
106149
105676
101307
106936
101802
104840
108268
102256
109100
104542
109733
109915
110012
108045
108558
103543
100398
108173
109521
101841
107765
109416
109383
102222
106315
104134
106973
101350
108630
104490
107115
107057
100549
107402
100325
110075
108629
108503
109614
105596
109638
109236
100575
104526
100324
101625
104708
107681
101098
100919
104466
106422
107537
109642
110048
103739
108479
107501
107041
107507
110249
105954
107458
103987
109206
103430
108364
104753
108528
106456
101623
101695
105289
104958
100111
109061
109319
109292
103736
102385
110341
103748
105037
101681
107597
104791
105183
102605
103521
104775
106802
108857
100884
100171
100415
101441
106907
104534
103199
108289
102486
108480
103814
100962
106871
102854
108672
107851
107612
109060
110353
104668
105927
105690
101444
102518
104344
108420
103531
108385
101077
108654
108500
108667
108299
106752
106814
106626
104802
100002
106014
106537
106976
105716
100283
110236
103620
108862
106563
100135
103815
100861
109158
103370
104137
105350
106001
105775
105616
104451
109485
102714
101291
102680
106638
100109
107243
106758
109999
100236
103858
106175
107877
102707
102554
107291
102438
104758
101300
101090
105801
108572
103340
100441
107267
108714
108717
110028
106954
102534
104714
102411
105134
101692
102711
106181
108779
102688
103801
100547
101234
106375
108012
104875
107159
107161
106469
104178
107773
107475
107287
100768
105987
101557
107060
104544
107572
110032
102068
109668
110327
103309
106035
104585
102425
103098
104701
105821
109613
104395
101464
106193
107528
107259
106332
106690
105660
103228
100917
105140
100335
109250
109328
105441
100172
107574
103192
109418
108361
109919
103853
105827
103209
101130
104924
103960
108634
104966
102805
107750
102887
104927
105203
108390
105337
102434
101174
101820
101587
109684
107139
105211
106220
103318
104874
104653
106221
109997
110180
106844
110352
102204
102986
102950
101433
101966
106297
103045
108338
101850
106328
104362
105542
107405
109647
105534
101028
104411
101144
108485
102410
103134
106821
102543
107598
107369
106330
103704
101848
103501
108395
102975
103310
100044
108101
102113
102787
102690
106299
106053
104303
108208
102584
110386
104896
108438
106363
100994
103306
101131
104290
100210
109659
106525
108015
105553
106852
104977
104509
103282
107562
104169
106618
109952
103270
103361
107655
102537
102988
109344
102963
104556
105632
105726
110077
101438
107056
108544
101381
106636
109231
100322
107856
103301
108851
100240
105143
102194
109094
106065
100344
103028
104982
108196
103626
104323
101825
103175
102967
109947
103956
100463
101129
107014
102809
108665
109178
110248
107013
105470
104676
101766
107897
107593
106160
102662
106265
106714
106591
105431
102362
109140
102258
106717
101898
103723
103010
100693
104254
101675
100076
106932
101470
102116
105805
106278
102561
106755
110014
107451
106185
106740
108580
107238
103058
100285
103249
106074
108607
105782
108810
100507
108471
109483
109116
105861
109473
104378
103126
109944
103676
104983
108738
104443
108599
100370
102015
102691
108655
109637
106658
108240
106933
103526
101202
108484
101093
100422
106801
102578
101348
110300
107379
102471
109866
101314
100066
108011
108688
108727
106831
102826
100816
108378
106593
109882
103564
104409
102594
100696
109325
108136
106694
106393
101175
100418
109957
101577
106020
103418
100165
109671
101564
109493
106782
102126
100256
104058
106865
109037
100122
106996
109478
108935
102403
110050
102451
104319
105560
100400
105299
105842
110288
100544
102354
106662
107053
106701
107386
106244
108055
103883
107609
104897
106564
107476
104884
107007
103065
105841
107878
102430
104060
108881
105951
101954
101410
104211
104685
101999
105499
101048
100616
100110
110265
100404
106046
100669
103937
106490
106366
106581
107810
104602
101159
106385
106031
107145
102380
102994
103417
106136
101247
109871
105905
106498
105537
103401
106177
100958
105869
103505
109041
105460
107557
105144
107234
105242
103122
107252
107924
103006
104262
103556
108850
101685
103763
103516
102683
103941
107324
103179
105032
107331
109695
107926
106614
101602
103331
100496
100369
109156
105417
109426
105161
107509
109348
101289
109969
104087
108762
105866
105942
103616
104151
100762
109990
105241
100433
100503
107650
108812
109092
102251
108363
109139
105849
101204
109912
108731
108313
104906
109087
103125
109364
102020
107116
103286
105703
107190
107050
106224
104854
101575
106404
108769
105765
109985
102267
104450
106327
106806
103774
108065
110169
101570
108013
106551
102700
104911
110165
102379
101418
102496
103162
105592
104107
104241
109503
102342
107385
107567
108949
101961
105636
105736
105899
100376
109984
100153
104978
102164
102195
102843
104755
101526
105706
108188
103387
108705
100448
105705
105484
106467
101744
110145
102580
107045
105727
103172
110017
107121
105647
101426
103579
107346
104727
105284
109663
109365
108652
108490
108709
108623
103961
100933
101680
108050
107691
103042
100095
102948
100188
106632
106899
103593
102503
102120
101115
106441
108223
107800
104583
101146
105084
100697
103876
100065
109451
103894
109117
107891
104164
106683
104865
105937
108958
101606
106914
100602
106417
110132
101673
101831
102279
110348
106703
104047
101729
109704
106032
100640
102196
102332
102293
104078
104213
100651
108428
102289
103859
107675
101837
100817
105327
101219
108571
103870
109301
104484
103947
102650
100387
101566
105958
101860
109444
100519
105361
108372
101088
106012
109157
103221
103751
103093
107028
104961
108440
109054
102888
103304
104993
102232
107098
103173
103083
105872
107527
103759
104600
104850
103571
106402
100666
102831
106298
108469
102572
107966
103167
100515
108442
104749
103424
104252
104286
100018
101311
105807
105496
108567
101272
109891
102810
102340
107364
105308
109714
110152
110001
103397
109051
104061
105368
101041
101551
101327
103533
110318
100777
102483
104001
106959
105011
101366
106505
107323
104218
105559
100069
107152
102208
107708
101586
105816
102375
107345
103880
104533
105834
107665
106137
107233
101030
108325
100298
110082
106410
104025
