104776
109870
104975
104175
101918
108668
102314
109021
110022
104438
105239
103177
104053
109115
105823
101553
105416
110400
100049
108673
104110
108265
100653
108257
105477
104942
102835
108199
100445
108353
105648
103629
105532
109289
109441
101473
108520
107904
106949
104576
104092
102648
101995
104657
101933
101979
106853
110204
105544
104827
102427
101930
107873
102038
101658
100622
103205
105794
101173
101676
107423
101638
105236
104017
106984
104018
104108
104518
102338
106280
100883
108429
100681
109520
100635
107998
100649
104428
105151
100162
104271
107104
106388
102544
105662
108129
101467
102667
104448
108844
105125
109673
102117
101647
107761
107829
100998
109219
100248
100632
105852
106339
101718
109121
108868
103048
100733
100709
104704
106754
109320
107844
109818
100516
104635
103355
101857
109332
107162
106419
108422
109304
100268
103552
103606
104458
108974
100148
100760
109514
108150
103344
109910
108183
100289
104255
108231
102071
108884
101805
109768
103615
103447
102166
108796
109844
102323
103032
107466
102516
105008
105426
100542
104605
109173
103923
106141
102890
100795
109366
109785
100541
103679
104691
102190
106964
109588
104055
107619
108765
103056
110277
105857
106539
100365
106794
101176
106510
107928
103313
106016
107863
105324
105486
103392
106698
101798
107177
106713
108340
106292
104086
108929
108039
104751
107907
100234
108552
102488
105374
101485
101767
108425
108748
107246
102106
101973
109950
103357
105306
106202
109372
103276
110083
107532
109669
103458
108522
104997
103169
102617
109775
108396
108817
106562
105046
102981
110392
103637
101004
108125
100956
101355
101702
109674
105014
103230
110315
101768
106413
100447
108855
105429
110079
101761
106232
106142
101229
110090
109324
102773
108320
103127
100133
107493
101818
110320
102128
103435
103033
102841
105979
100513
104106
107643
109635
104690
100582
106938
104702
104639
105570
107533
105851
109972
108976
108631
104347
101406
102560
106624
104439
106272
101659
109067
105677
101800
109249
102582
110292
105122
108056
103323
107474
101652
104532
101812
105993
102738
103187
102475
106629
104535
109275
104799
100548
108046
106760
105443
101187
106811
108696
106395
106005
109995
107254
109422
108018
104842
103097
101391
107251
104432
102848
100330
105561
105255
101516
105031
109940
106028
101809
108415
101886
103702
