107576
103290
100908
103951
103816
108441
107845
103436
109276
102098
107092
103206
105567
105790
105367
107832
105729
102866
109407
106785
107260
106195
103280
104431
105837
101642
109556
102567
106791
107683
102781
109142
102776
100003
108439
110343
102825
102105
103765
105035
108707
108984
100592
103878
105398
105414
103648
105225
108948
102286
104910
101071
105865
103185
103527
100487
101598
100103
108953
104242
100465
102696
106307
109935
102061
104891
108061
103911
108918
104735
101035
109554
109331
105624
103631
102679
109868
101822
110196
104748
107347
107865
103658
108189
100918
107314
100491
109082
102493
108315
104318
104907
104090
104729
105529
107671
106634
102299
101615
103088
108026
103111
106408
104967
107969
102728
103642
106420
110151
101852
107546
102979
104171
103889
104343
106920
100194
107394
102811
106739
107853
105166
109185
106085
102983
108671
102448
106507
107316
106347
102095
109644
103813
105505
110316
103826
109992
100304
106183
108099
100619
110071
101976
102326
104119
101038
102563
107292
100362
110138
109826
106751
103792
103693
109321
104834
105097
109394
108177
103747
105689
101404
108267
108951
105984
108846
110016
104172
100349
102346
108064
101790
101801
106583
105254
100257
100297
101025
103345
105783
104768
100211
107822
108122
105610
109109
104979
105156
105063
108288
102869
101099
110175
110015
103857
107917
108476
104940
109465
109976
108169
107587
102970
100473
103222
102931
107193
105407
108452
100645
101448
100576
104553
110251
108236
105674
108747
109413
106270
109740
103786
104138
104267
102436
108589
108374
107380
102226
109283
101520
109466
109229
108833
102302
106630
107908
101821
103190
105001
102807
107739
102176
101579
107149
103017
108692
106584
104504
102227
103348
103164
110378
108171
101511
101384
110377
105994
100303
104996
109738
109081
108849
102183
108491
109689
101108
109713
104182
103861
102566
108401
101603
102473
106501
104109
108251
103352
104454
110133
104123
101152
100563
106728
106526
104407
108436
100950
109710
109595
108105
105838
109271
106732
102143
101189
101723
107439
101100
109759
107046
104221
100721
108831
105473
110124
108519
104268
100543
102512
102310
104474
103242
104341
108483
107241
107168
103087
101405
107620
110183
104593
104524
103136
102384
110276
102099
106373
101580
107004
102394
106316
107498
101653
102165
107421
101504
109031
105390
107994
109708
109654
107297
103496
108435
104340
105339
107495
109796
110322
103414
105714
106705
105039
105356
108306
104143
103944
102074
101605
104101
105711
103917
102740
109801
110156
105923
107807
106036
102669
102278
100316
107791
109243
104715
103663
108678
101322
107085
106600
106440
101315
108447
107716
101921
108969
100881
103825
109782
100187
106329
103457
100497
103486
110225
104037
105710
103980
100182
105741
100391
109802
102899
103461
105312
105986
107138
104304
110184
100621
108955
106923
110356
106587
108474
102301
100914
105744
101584
101746
100077
107279
108880
101049
102768
100390
100520
103316
110008
100429
107840
101235
109568
108145
101654
103485
103724
105761
102656
108384
102952
110191
103776
100955
103800
104440
101185
110271
108229
100531
102152
109090
102179
107510
106960
102262
110098
100005
109524
108575
102597
105252
106535
104969
100399
100401
106961
106912
102918
108110
103939
105728
108260
102635
109676
103203
105020
106109
102181
105634
104986
109621
109838
104222
103807
107201
107601
100128
107037
100291
107544
107757
100707
108758
100120
103827
105683
103551
106906
108684
108749
109201
105137
110383
110135
108792
100775
107130
106029
105216
105959
106828
102614
108690
102160
108206
102712
104153
109544
100499
102719
104909
100350
100090
106382
108016
107143
107882
110198
104823
108772
104199
104811
107730
106485
101140
106140
100318
108914
101596
108923
104599
102358
103977
106412
103258
103767
109803
105401
106234
102435
100800
108341
106656
108992
102858
103358
106718
105438
102610
110380
103875
104332
106958
108957
102209
106077
105060
104081
106427
102929
102791
103074
107823
103566
107223
107188
110146
102186
102495
100051
103226
109160
107343
106835
105922
107968
104654
106675
105704
102868
100965
101734
100986
106678
106922
106866
102081
100771
109390
104293
108309
102708
105222
101147
105465
101696
104421
104736
108282
106654
109400
104581
104915
106939
102211
100754
108797
102618
104795
106309
105906
101948
101925
105742
103966
106381
104935
102330
105178
101059
108308
110153
102752
103530
105730
102524
107673
108266
107806
104822
100388
106471
105605
105056
100533
105607
109558
103685
105184
107935
105116
105877
110398
106229
102391
102966
101127
106460
101150
109211
109488
103000
101026
101661
109513
108312
103064
102613
108790
106128
105012
110201
110161
105392
101882
107538
100796
107684
108950
107906
105053
108906
100946
105087
109130
104719
100358
102842
101257
109030
106816
103908
109807
104187
101924
105622
107102
107108
100537
104699
103035
108124
107702
101828
100997
108832
109987
100761
108803
108508
107000
109127
104959
108142
102352
100460
106819
109443
108991
108698
100125
104591
101774
106993
102665
107723
101249
101595
107097
105146
103484
101268
102479
101670
106941
104925
101620
107626
108383
109525
104947
100813
101101
108912
105943
106352
105546
102889
100804
101427
102161
107693
105310
108317
108167
108885
102031
104712
102815
106905
103394
108653
101946
105413
104329
110402
100612
107777
103656
103598
105558
103678
103627
108700
108458
104538
107637
107633
109593
105286
106058
103641
104665
110266
100159
108909
100799
109055
108516
101871
104463
101522
107959
106546
103695
107710
104496
101939
109722
107407
104114
108699
108493
105346
104592
101987
101503
106610
105030
101488
108563
102903
109056
107949
100340
108569
106789
104231
110193
108457
109757
102481
109047
101383
107582
105750
108375
109847
107157
101490
107478
109922
102599
104050
101922
105336
106103
102246
108848
100747
109778
107065
104976
102530
101009
103954
105409
109033
103967
106530
104779
103650
109886
109052
107978
102793
108244
105096
100403
102751
101062
110076
105102
109220
103234
104944
105601
102900
107414
105618
105929
103962
107834
104099
107678
105839
108030
105073
100809
110045
106880
103711
101945
101824
101076
104841
105018
108127
108322
103366
108411
105855
103383
102535
103605
109227
107955
107753
106304
106556
109965
105303
109822
106004
105190
109560
108421
106446
108635
104512
109470
101193
103386
105722
100061
107212
104946
110367
104423
103382
107521
101253
101559
103667
104793
102085
103139
106992
103919
104280
104214
105691
101310
104125
101697
100534
107352
102458
103718
103022
103638
109771
104288
104713
100900
109074
107831
108518
105712
106317
105384
107842
101561
100704
104662
106351
105369
105924
109267
107216
106534
102412
101312
101928
109410
107918
102033
102998
103782
102628
106972
104248
107027
108821
105278
108352
101486
105835
102058
106673
102373
103395
100571
100620
104723
101717
105295
101893
107481
100363
110081
105455
103831
106862
104945
106580
100313
107814
103274
107281
100969
101402
102898
102115
101655
106982
101643
104877
106239
107983
101134
106323
104880
109237
101208
105108
101705
103385
100072
104833
109262
103153
109855
100938
107103
110329
109582
108305
107335
110192
104545
106858
108574
104302
105408
108959
108966
101997
100372
107443
107020
100085
110280
100437
100258
110060
107167
100351
100237
102004
102017
103371
107922
104693
109223
104168
103912
100502
102051
107556
107944
103464
107916
103241
104826
100685
107772
102761
105095
109295
104679
104550
104525
107768
109132
101996
101541
103623
105105
106585
102421
101854
107294
108109
104960
109804
103216
106394
102798
108032
102754
109661
107743
104331
109961
103823
103443
106162
108207
100648
100936
100618
110067
108869
100647
105535
103752
107275
109498
108645
110399
104380
108550
105595
108157
104918
107887
101163
103005
109509
106450
103677
108298
110379
110059
107205
102682
105571
109107
109981
107961
102799
103636
104403
101518
107035
102767
110119
106651
105334
110357
101005
105779
106108
109834
101950
100052
104588
102366
107632
106013
102591
106429
106348
106763
100878
102511
108554
100662
109532
103297
104306
106370
100242
101083
108866
105911
109511
100526
105512
100825
104537
104073
101550
105577
102261
104030
108594
106499
105365
109799
103769
109149
103176
101617
102818
105436
101982
107658
104849
103536
106987
103706
101118
104838
103044
106561
101788
103480
104177
107578
106356
107340
106189
106710
104501
105379
106817
101502
106319
109779
106927
106166
104985
105362
105382
109939
103117
102248
101401
100789
110200
107461
100740
108098
100427
109064
106087
106554
102364
100546
101452
102758
106135
109373
104859
106765
102291
108729
100510
108410
105893
106252
108716
106813
104045
100706
103143
103076
104973
101608
103105
106849
109715
100252
101481
103248
104633
101708
108272
108219
109291
109153
106487
108801
102769
109966
100157
107927
104638
103049
106165
106262
109797
110041
103236
106118
102764
102784
103278
104416
108230
107618
106210
107416
102059
101748
106766
100787
109252
103794
104594
110159
108113
106677
100972
101278
102260
103599
101476
109752
105373
106414
106380
105999
101836
109216
109769
103829
110195
106590
104117
109884
104348
106275
105600
101727
100658
104371
109534
106887
103115
102568
102760
106506
108606
105305
104064
108539
102965
108703
109457
103210
102519
101808
104500
105393
104375
106726
105991
101027
103214
110118
101217
102517
106218
109408
102233
110056
104132
104682
108043
100512
105792
102217
105621
108211
104435
100839
101120
103710
101132
108530
109923
107513
101835
102978
104335
100983
108224
103651
105447
106544
104807
101509
101589
100650
107997
102321
100538
100453
106983
108640
101360
108927
110337
104469
101288
109774
107852
100826
101508
101880
108263
108679
104619
103668
104705
106253
100728
101515
106171
109118
102297
109989
107378
107164
103587
107062
101209
107197
108782
103046
108619
107796
105672
100934
106063
103333
100459
104446
106442
104034
107228
108854
108051
103976
109789
108982
101074
109467
106809
102577
105602
100139
109883
102500
107724
105791
107745
108791
100867
102138
107019
108840
103243
100417
109035
106364
108768
101264
110239
101917
107992
101905
107429
105723
106896
108853
108281
102915
107470
110393
107779
106826
101916
107078
101395
104584
104692
100643
102497
107368
109963
101943
101155
110092
109482
105376
110223
108682
102672
107096
100193
108924
101920
108004
102361
105737
107651
105043
105153
101862
100860
104780
109651
103411
108566
106841
103974
100290
101897
100751
106436
104349
107485
100424
106667
106509
106665
106068
102355
106264
104366
100540
107244
109786
106601
100586
109730
107866
108979
101295
109741
106428
109018
105664
110122
107375
100606
108515
107313
108085
100341
110007
109712
102386
103499
104557
106358
106518
104612
103232
106965
109445
108712
110095
103335
105802
106017
103277
104894
104441
105708
108465
101991
109770
106900
101512
106452
105191
100478
105388
104855
104185
107372
105420
106112
104614
102657
108568
104301
100010
102968
103324
104377
105950
108432
103450
102282
101932
108000
105494
101069
108805
104955
104981
102840
104681
106491
101664
104489
101838
110167
